Japan, Period fertility rates by calendar year and age (Lexis squares, age in completed years (ACY))
Last modified: 21/09/2016
Year    Age        ASFR
1947     12-    0.00000
1947     13     0.00000
1947     14     0.00005
1947     15     0.00039
1947     16     0.00184
1947     17     0.00732
1947     18     0.02168
1947     19     0.04583
1947     20     0.08737
1947     21     0.13156
1947     22     0.17261
1947     23     0.21863
1947     24     0.24590
1947     25     0.26763
1947     26     0.27645
1947     27     0.28147
1947     28     0.26676
1947     29     0.26808
1947     30     0.25786
1947     31     0.24879
1947     32     0.23521
1947     33     0.22387
1947     34     0.20644
1947     35     0.19409
1947     36     0.17484
1947     37     0.15631
1947     38     0.13912
1947     39     0.12186
1947     40     0.09917
1947     41     0.07233
1947     42     0.05446
1947     43     0.03479
1947     44     0.02156
1947     45     0.01190
1947     46     0.00616
1947     47     0.00341
1947     48     0.00222
1947     49     0.00198
1947     50     0.00149
1947     51     0.00111
1947     52     0.00084
1947     53     0.00068
1947     54     0.00052
1947     55+    0.00182
1948     12-    0.00000
1948     13     0.00000
1948     14     0.00006
1948     15     0.00042
1948     16     0.00224
1948     17     0.00881
1948     18     0.02452
1948     19     0.05506
1948     20     0.09828
1948     21     0.14788
1948     22     0.19405
1948     23     0.23462
1948     24     0.25955
1948     25     0.26754
1948     26     0.27134
1948     27     0.26313
1948     28     0.25801
1948     29     0.24015
1948     30     0.23618
1948     31     0.22232
1948     32     0.21407
1948     33     0.20118
1948     34     0.18979
1948     35     0.17626
1948     36     0.16519
1948     37     0.14966
1948     38     0.13422
1948     39     0.11765
1948     40     0.09845
1948     41     0.07715
1948     42     0.05407
1948     43     0.03605
1948     44     0.02041
1948     45     0.01053
1948     46     0.00562
1948     47     0.00289
1948     48     0.00162
1948     49     0.00125
1948     50     0.00081
1948     51     0.00060
1948     52     0.00053
1948     53     0.00035
1948     54     0.00026
1948     55+    0.00080
1949     12-    0.00000
1949     13     0.00000
1949     14     0.00005
1949     15     0.00040
1949     16     0.00223
1949     17     0.00801
1949     18     0.02257
1949     19     0.04952
1949     20     0.09608
1949     21     0.14137
1949     22     0.19146
1949     23     0.23686
1949     24     0.25853
1949     25     0.27393
1949     26     0.27746
1949     27     0.27667
1949     28     0.26853
1949     29     0.26009
1949     30     0.23770
1949     31     0.23047
1949     32     0.21321
1949     33     0.19831
1949     34     0.18237
1949     35     0.16821
1949     36     0.15025
1949     37     0.13604
1949     38     0.12001
1949     39     0.10067
1949     40     0.08303
1949     41     0.06477
1949     42     0.04580
1949     43     0.02833
1949     44     0.01609
1949     45     0.00798
1949     46     0.00386
1949     47     0.00217
1949     48     0.00132
1949     49     0.00072
1949     50     0.00034
1949     51     0.00033
1949     52     0.00019
1949     53     0.00017
1949     54     0.00010
1949     55+    0.00028
1950     12-    0.00000
1950     13     0.00000
1950     14     0.00005
1950     15     0.00026
1950     16     0.00170
1950     17     0.00666
1950     18     0.01779
1950     19     0.04153
1950     20     0.07886
1950     21     0.12643
1950     22     0.16798
1950     23     0.20887
1950     24     0.23497
1950     25     0.24419
1950     26     0.24782
1950     27     0.24160
1950     28     0.23463
1950     29     0.22173
1950     30     0.21046
1950     31     0.18652
1950     32     0.17886
1950     33     0.16129
1950     34     0.14883
1950     35     0.13255
1950     36     0.11920
1950     37     0.10404
1950     38     0.09139
1950     39     0.07746
1950     40     0.06198
1950     41     0.04730
1950     42     0.03309
1950     43     0.02091
1950     44     0.01147
1950     45     0.00554
1950     46     0.00264
1950     47     0.00120
1950     48     0.00076
1950     49     0.00054
1950     50     0.00027
1950     51     0.00017
1950     52     0.00015
1950     53     0.00014
1950     54     0.00007
1950     55+    0.00014
1951     12-    0.00000
1951     13     0.00000
1951     14     0.00002
1951     15     0.00023
1951     16     0.00112
1951     17     0.00497
1951     18     0.01492
1951     19     0.03332
1951     20     0.06715
1951     21     0.10540
1951     22     0.15121
1951     23     0.18653
1951     24     0.21060
1951     25     0.22523
1951     26     0.22693
1951     27     0.22320
1951     28     0.21465
1951     29     0.20754
1951     30     0.19164
1951     31     0.17745
1951     32     0.15758
1951     33     0.14771
1951     34     0.13128
1951     35     0.11751
1951     36     0.10292
1951     37     0.09073
1951     38     0.07619
1951     39     0.06388
1951     40     0.05159
1951     41     0.03838
1951     42     0.02661
1951     43     0.01661
1951     44     0.00932
1951     45     0.00406
1951     46     0.00188
1951     47     0.00089
1951     48     0.00046
1951     49     0.00034
1951     50     0.00021
1951     51     0.00007
1951     52     0.00007
1951     53     0.00009
1951     54     0.00005
1951     55+    0.00008
1952     12-    0.00000
1952     13     0.00000
1952     14     0.00002
1952     15     0.00017
1952     16     0.00093
1952     17     0.00377
1952     18     0.01177
1952     19     0.02824
1952     20     0.05658
1952     21     0.09593
1952     22     0.13498
1952     23     0.17988
1952     24     0.19906
1952     25     0.21256
1952     26     0.21750
1952     27     0.21071
1952     28     0.20451
1952     29     0.19212
1952     30     0.18073
1952     31     0.16271
1952     32     0.14887
1952     33     0.12897
1952     34     0.11773
1952     35     0.10288
1952     36     0.08976
1952     37     0.07645
1952     38     0.06472
1952     39     0.05251
1952     40     0.04170
1952     41     0.03135
1952     42     0.02046
1952     43     0.01311
1952     44     0.00713
1952     45     0.00360
1952     46     0.00142
1952     47     0.00078
1952     48     0.00042
1952     49     0.00022
1952     50     0.00018
1952     51     0.00011
1952     52     0.00009
1952     53     0.00006
1952     54     0.00004
1952     55+    0.00008
1953     12-    0.00000
1953     13     0.00000
1953     14     0.00004
1953     15     0.00015
1953     16     0.00076
1953     17     0.00315
1953     18     0.00948
1953     19     0.02387
1953     20     0.05049
1953     21     0.08442
1953     22     0.12772
1953     23     0.16402
1953     24     0.19271
1953     25     0.20161
1953     26     0.20305
1953     27     0.19995
1953     28     0.18772
1953     29     0.17741
1953     30     0.16286
1953     31     0.14877
1953     32     0.13311
1953     33     0.11740
1953     34     0.10017
1953     35     0.08964
1953     36     0.07661
1953     37     0.06528
1953     38     0.05345
1953     39     0.04336
1953     40     0.03295
1953     41     0.02483
1953     42     0.01657
1953     43     0.01023
1953     44     0.00557
1953     45     0.00264
1953     46     0.00126
1953     47     0.00062
1953     48     0.00034
1953     49     0.00020
1953     50     0.00017
1953     51     0.00010
1953     52     0.00006
1953     53     0.00006
1953     54     0.00004
1953     55+    0.00010
1954     12-    0.00000
1954     13     0.00000
1954     14     0.00001
1954     15     0.00012
1954     16     0.00068
1954     17     0.00260
1954     18     0.00818
1954     19     0.02038
1954     20     0.04439
1954     21     0.07968
1954     22     0.11641
1954     23     0.16022
1954     24     0.18167
1954     25     0.19778
1954     26     0.19419
1954     27     0.18849
1954     28     0.17717
1954     29     0.16327
1954     30     0.15053
1954     31     0.13465
1954     32     0.12140
1954     33     0.10618
1954     34     0.09206
1954     35     0.07688
1954     36     0.06717
1954     37     0.05566
1954     38     0.04636
1954     39     0.03667
1954     40     0.02816
1954     41     0.01987
1954     42     0.01342
1954     43     0.00824
1954     44     0.00447
1954     45     0.00219
1954     46     0.00103
1954     47     0.00059
1954     48     0.00022
1954     49     0.00016
1954     50     0.00010
1954     51     0.00007
1954     52     0.00003
1954     53     0.00005
1954     54     0.00003
1954     55+    0.00007
1955     12-    0.00000
1955     13     0.00000
1955     14     0.00001
1955     15     0.00007
1955     16     0.00054
1955     17     0.00251
1955     18     0.00725
1955     19     0.01859
1955     20     0.04068
1955     21     0.07297
1955     22     0.11497
1955     23     0.15422
1955     24     0.18410
1955     25     0.19198
1955     26     0.19883
1955     27     0.18580
1955     28     0.17379
1955     29     0.15895
1955     30     0.14195
1955     31     0.12614
1955     32     0.11190
1955     33     0.09825
1955     34     0.08331
1955     35     0.07099
1955     36     0.05807
1955     37     0.04934
1955     38     0.03956
1955     39     0.03132
1955     40     0.02380
1955     41     0.01708
1955     42     0.01135
1955     43     0.00685
1955     44     0.00370
1955     45     0.00174
1955     46     0.00088
1955     47     0.00037
1955     48     0.00025
1955     49     0.00013
1955     50     0.00011
1955     51     0.00008
1955     52     0.00005
1955     53     0.00003
1955     54     0.00003
1955     55+    0.00005
1956     12-    0.00000
1956     13     0.00000
1956     14     0.00001
1956     15     0.00008
1956     16     0.00047
1956     17     0.00204
1956     18     0.00679
1956     19     0.01656
1956     20     0.03865
1956     21     0.06893
1956     22     0.10734
1956     23     0.15173
1956     24     0.17829
1956     25     0.19509
1956     26     0.19168
1956     27     0.18582
1956     28     0.16631
1956     29     0.14916
1956     30     0.13219
1956     31     0.11408
1956     32     0.10047
1956     33     0.08583
1956     34     0.07374
1956     35     0.06183
1956     36     0.05093
1956     37     0.04088
1956     38     0.03425
1956     39     0.02686
1956     40     0.02019
1956     41     0.01446
1956     42     0.00953
1956     43     0.00584
1956     44     0.00306
1956     45     0.00147
1956     46     0.00069
1956     47     0.00036
1956     48     0.00019
1956     49     0.00009
1956     50     0.00009
1956     51     0.00004
1956     52     0.00004
1956     53     0.00002
1956     54     0.00003
1956     55+    0.00003
1957     12-    0.00000
1957     13     0.00000
1957     14     0.00001
1957     15     0.00005
1957     16     0.00045
1957     17     0.00174
1957     18     0.00548
1957     19     0.01543
1957     20     0.03314
1957     21     0.06395
1957     22     0.09985
1957     23     0.13840
1957     24     0.17228
1957     25     0.18426
1957     26     0.18949
1957     27     0.17710
1957     28     0.16377
1957     29     0.14127
1957     30     0.12259
1957     31     0.10332
1957     32     0.08693
1957     33     0.07474
1957     34     0.06210
1957     35     0.05194
1957     36     0.04269
1957     37     0.03394
1957     38     0.02657
1957     39     0.02174
1957     40     0.01580
1957     41     0.01132
1957     42     0.00755
1957     43     0.00461
1957     44     0.00241
1957     45     0.00132
1957     46     0.00059
1957     47     0.00029
1957     48     0.00019
1957     49     0.00012
1957     50     0.00007
1957     51     0.00005
1957     52     0.00003
1957     53     0.00001
1957     54     0.00003
1957     55+    0.00005
1958     12-    0.00000
1958     13     0.00000
1958     14     0.00001
1958     15     0.00008
1958     16     0.00043
1958     17     0.00180
1958     18     0.00553
1958     19     0.01430
1958     20     0.03628
1958     21     0.06541
1958     22     0.10798
1958     23     0.15093
1958     24     0.18054
1958     25     0.20166
1958     26     0.20071
1958     27     0.19327
1958     28     0.17064
1958     29     0.15104
1958     30     0.12567
1958     31     0.10423
1958     32     0.08628
1958     33     0.07121
1958     34     0.05884
1958     35     0.04797
1958     36     0.03940
1958     37     0.03142
1958     38     0.02459
1958     39     0.01868
1958     40     0.01453
1958     41     0.01010
1958     42     0.00689
1958     43     0.00411
1958     44     0.00216
1958     45     0.00117
1958     46     0.00051
1958     47     0.00021
1958     48     0.00012
1958     49     0.00010
1958     50     0.00007
1958     51     0.00005
1958     52     0.00005
1958     53     0.00003
1958     54     0.00002
1958     55+    0.00005
1959     12-    0.00000
1959     13     0.00000
1959     14     0.00001
1959     15     0.00008
1959     16     0.00038
1959     17     0.00176
1959     18     0.00551
1959     19     0.01420
1959     20     0.03154
1959     21     0.06656
1959     22     0.10474
1959     23     0.15170
1959     24     0.18252
1959     25     0.19550
1959     26     0.20351
1959     27     0.18938
1959     28     0.17171
1959     29     0.14574
1959     30     0.12470
1959     31     0.09863
1959     32     0.08013
1959     33     0.06473
1959     34     0.05200
1959     35     0.04271
1959     36     0.03350
1959     37     0.02786
1959     38     0.02118
1959     39     0.01659
1959     40     0.01188
1959     41     0.00888
1959     42     0.00587
1959     43     0.00351
1959     44     0.00198
1959     45     0.00101
1959     46     0.00049
1959     47     0.00024
1959     48     0.00012
1959     49     0.00006
1959     50     0.00007
1959     51     0.00005
1959     52     0.00003
1959     53     0.00001
1959     54     0.00001
1959     55+    0.00004
1960     12-    0.00000
1960     13     0.00000
1960     14     0.00001
1960     15     0.00005
1960     16     0.00040
1960     17     0.00162
1960     18     0.00522
1960     19     0.01390
1960     20     0.03088
1960     21     0.05930
1960     22     0.10734
1960     23     0.14782
1960     24     0.18532
1960     25     0.19978
1960     26     0.19957
1960     27     0.19381
1960     28     0.16988
1960     29     0.14774
1960     30     0.11960
1960     31     0.09711
1960     32     0.07552
1960     33     0.05969
1960     34     0.04689
1960     35     0.03640
1960     36     0.02895
1960     37     0.02237
1960     38     0.01758
1960     39     0.01322
1960     40     0.00983
1960     41     0.00685
1960     42     0.00475
1960     43     0.00284
1960     44     0.00158
1960     45     0.00083
1960     46     0.00038
1960     47     0.00027
1960     48     0.00010
1960     49     0.00008
1960     50     0.00004
1960     51     0.00004
1960     52     0.00003
1960     53     0.00001
1960     54     0.00002
1960     55+    0.00004
1961     12-    0.00000
1961     13     0.00000
1961     14     0.00001
1961     15     0.00004
1961     16     0.00035
1961     17     0.00161
1961     18     0.00490
1961     19     0.01332
1961     20     0.02993
1961     21     0.05714
1961     22     0.09475
1961     23     0.15030
1961     24     0.18021
1961     25     0.20286
1961     26     0.20257
1961     27     0.18824
1961     28     0.17422
1961     29     0.14539
1961     30     0.12096
1961     31     0.09395
1961     32     0.07484
1961     33     0.05703
1961     34     0.04313
1961     35     0.03275
1961     36     0.02514
1961     37     0.01961
1961     38     0.01489
1961     39     0.01150
1961     40     0.00837
1961     41     0.00600
1961     42     0.00390
1961     43     0.00241
1961     44     0.00131
1961     45     0.00070
1961     46     0.00033
1961     47     0.00019
1961     48     0.00012
1961     49     0.00006
1961     50     0.00003
1961     51     0.00001
1961     52     0.00001
1961     53     0.00002
1961     54     0.00001
1961     55+    0.00002
1962     12-    0.00000
1962     13     0.00000
1962     14     0.00001
1962     15     0.00006
1962     16     0.00030
1962     17     0.00152
1962     18     0.00534
1962     19     0.01283
1962     20     0.03035
1962     21     0.05952
1962     22     0.09893
1962     23     0.14114
1962     24     0.19062
1962     25     0.20393
1962     26     0.21079
1962     27     0.19513
1962     28     0.17211
1962     29     0.14992
1962     30     0.12070
1962     31     0.09591
1962     32     0.07176
1962     33     0.05699
1962     34     0.04196
1962     35     0.03109
1962     36     0.02313
1962     37     0.01752
1962     38     0.01317
1962     39     0.00951
1962     40     0.00733
1962     41     0.00505
1962     42     0.00323
1962     43     0.00204
1962     44     0.00120
1962     45     0.00061
1962     46     0.00031
1962     47     0.00017
1962     48     0.00011
1962     49     0.00008
1962     50     0.00003
1962     51     0.00000
1962     52     0.00001
1962     53     0.00000
1962     54     0.00000
1962     55+    0.00001
1963     12-    0.00000
1963     13     0.00000
1963     14     0.00001
1963     15     0.00004
1963     16     0.00032
1963     17     0.00146
1963     18     0.00510
1963     19     0.01342
1963     20     0.02862
1963     21     0.05942
1963     22     0.10050
1963     23     0.14660
1963     24     0.17769
1963     25     0.21339
1963     26     0.20981
1963     27     0.20222
1963     28     0.17926
1963     29     0.15014
1963     30     0.12747
1963     31     0.09861
1963     32     0.07618
1963     33     0.05673
1963     34     0.04314
1963     35     0.03145
1963     36     0.02314
1963     37     0.01694
1963     38     0.01236
1963     39     0.00915
1963     40     0.00639
1963     41     0.00473
1963     42     0.00301
1963     43     0.00185
1963     44     0.00102
1963     45     0.00051
1963     46     0.00026
1963     47     0.00013
1963     48     0.00008
1963     49     0.00005
1963     50     0.00001
1963     51     0.00000
1963     52     0.00000
1963     53     0.00000
1963     54     0.00000
1963     55+    0.00000
1964     12-    0.00000
1964     13     0.00000
1964     14     0.00001
1964     15     0.00004
1964     16     0.00030
1964     17     0.00162
1964     18     0.00458
1964     19     0.01327
1964     20     0.03025
1964     21     0.05665
1964     22     0.10308
1964     23     0.15283
1964     24     0.19072
1964     25     0.20388
1964     26     0.22214
1964     27     0.20329
1964     28     0.18560
1964     29     0.15588
1964     30     0.12694
1964     31     0.10335
1964     32     0.07782
1964     33     0.05906
1964     34     0.04342
1964     35     0.03232
1964     36     0.02306
1964     37     0.01687
1964     38     0.01197
1964     39     0.00861
1964     40     0.00644
1964     41     0.00421
1964     42     0.00277
1964     43     0.00176
1964     44     0.00089
1964     45     0.00046
1964     46     0.00022
1964     47     0.00012
1964     48     0.00005
1964     49     0.00004
1964     50     0.00002
1964     51     0.00001
1964     52     0.00000
1964     53     0.00000
1964     54     0.00000
1964     55+    0.00000
1965     12-    0.00000
1965     13     0.00000
1965     14     0.00001
1965     15     0.00004
1965     16     0.00031
1965     17     0.00167
1965     18     0.00559
1965     19     0.01222
1965     20     0.03023
1965     21     0.06152
1965     22     0.10104
1965     23     0.15953
1965     24     0.20299
1965     25     0.22527
1965     26     0.21885
1965     27     0.22046
1965     28     0.19169
1965     29     0.16749
1965     30     0.13584
1965     31     0.10505
1965     32     0.08365
1965     33     0.06228
1965     34     0.04683
1965     35     0.03366
1965     36     0.02474
1965     37     0.01726
1965     38     0.01203
1965     39     0.00850
1965     40     0.00587
1965     41     0.00405
1965     42     0.00261
1965     43     0.00152
1965     44     0.00088
1965     45     0.00043
1965     46     0.00019
1965     47     0.00011
1965     48     0.00006
1965     49     0.00005
1965     50     0.00001
1965     51     0.00001
1965     52     0.00001
1965     53     0.00000
1965     54     0.00000
1965     55+    0.00000
1966     12-    0.00000
1966     13     0.00000
1966     14     0.00001
1966     15     0.00005
1966     16     0.00025
1966     17     0.00143
1966     18     0.00486
1966     19     0.01215
1966     20     0.02227
1966     21     0.04752
1966     22     0.08507
1966     23     0.11889
1966     24     0.15541
1966     25     0.16893
1966     26     0.16529
1966     27     0.14591
1966     28     0.13454
1966     29     0.11213
1966     30     0.09429
1966     31     0.07512
1966     32     0.05842
1966     33     0.04749
1966     34     0.03554
1966     35     0.02686
1966     36     0.01987
1966     37     0.01492
1966     38     0.01076
1966     39     0.00738
1966     40     0.00526
1966     41     0.00344
1966     42     0.00230
1966     43     0.00137
1966     44     0.00074
1966     45     0.00044
1966     46     0.00018
1966     47     0.00010
1966     48     0.00006
1966     49     0.00004
1966     50     0.00002
1966     51     0.00001
1966     52     0.00001
1966     53     0.00000
1966     54     0.00000
1966     55+    0.00000
1967     12-    0.00000
1967     13     0.00000
1967     14     0.00000
1967     15     0.00003
1967     16     0.00030
1967     17     0.00151
1967     18     0.00507
1967     19     0.01316
1967     20     0.02907
1967     21     0.05007
1967     22     0.10049
1967     23     0.16294
1967     24     0.20107
1967     25     0.23842
1967     26     0.24379
1967     27     0.22909
1967     28     0.19784
1967     29     0.18044
1967     30     0.14257
1967     31     0.11428
1967     32     0.08615
1967     33     0.06443
1967     34     0.04950
1967     35     0.03529
1967     36     0.02535
1967     37     0.01747
1967     38     0.01286
1967     39     0.00851
1967     40     0.00558
1967     41     0.00367
1967     42     0.00214
1967     43     0.00134
1967     44     0.00075
1967     45     0.00035
1967     46     0.00017
1967     47     0.00012
1967     48     0.00006
1967     49     0.00002
1967     50     0.00001
1967     51     0.00001
1967     52     0.00000
1967     53     0.00001
1967     54     0.00000
1967     55+    0.00000
1968     12-    0.00000
1968     13     0.00000
1968     14     0.00002
1968     15     0.00004
1968     16     0.00024
1968     17     0.00140
1968     18     0.00493
1968     19     0.01248
1968     20     0.02805
1968     21     0.05679
1968     22     0.08776
1968     23     0.14761
1968     24     0.20541
1968     25     0.21936
1968     26     0.23251
1968     27     0.22158
1968     28     0.19603
1968     29     0.15990
1968     30     0.13723
1968     31     0.10526
1968     32     0.08475
1968     33     0.06422
1968     34     0.04654
1968     35     0.03548
1968     36     0.02540
1968     37     0.01786
1968     38     0.01259
1968     39     0.00866
1968     40     0.00562
1968     41     0.00337
1968     42     0.00233
1968     43     0.00149
1968     44     0.00079
1968     45     0.00040
1968     46     0.00022
1968     47     0.00010
1968     48     0.00006
1968     49     0.00003
1968     50     0.00000
1968     51     0.00001
1968     52     0.00000
1968     53     0.00001
1968     54     0.00000
1968     55+    0.00000
1969     12-    0.00000
1969     13     0.00000
1969     14     0.00002
1969     15     0.00006
1969     16     0.00025
1969     17     0.00141
1969     18     0.00488
1969     19     0.01275
1969     20     0.02761
1969     21     0.05436
1969     22     0.09934
1969     23     0.13540
1969     24     0.19385
1969     25     0.23236
1969     26     0.22605
1969     27     0.22129
1969     28     0.19645
1969     29     0.16685
1969     30     0.13011
1969     31     0.10577
1969     32     0.08241
1969     33     0.06560
1969     34     0.04782
1969     35     0.03463
1969     36     0.02595
1969     37     0.01787
1969     38     0.01292
1969     39     0.00874
1969     40     0.00553
1969     41     0.00358
1969     42     0.00213
1969     43     0.00138
1969     44     0.00079
1969     45     0.00040
1969     46     0.00020
1969     47     0.00010
1969     48     0.00005
1969     49     0.00003
1969     50     0.00001
1969     51     0.00001
1969     52     0.00000
1969     53     0.00000
1969     54     0.00000
1969     55+    0.00000
1970     12-    0.00000
1970     13     0.00000
1970     14     0.00001
1970     15     0.00010
1970     16     0.00031
1970     17     0.00150
1970     18     0.00524
1970     19     0.01312
1970     20     0.02903
1970     21     0.05553
1970     22     0.09862
1970     23     0.15626
1970     24     0.17916
1970     25     0.22169
1970     26     0.24014
1970     27     0.21633
1970     28     0.19910
1970     29     0.16824
1970     30     0.13652
1970     31     0.10026
1970     32     0.08311
1970     33     0.06337
1970     34     0.04846
1970     35     0.03464
1970     36     0.02479
1970     37     0.01824
1970     38     0.01254
1970     39     0.00851
1970     40     0.00555
1970     41     0.00358
1970     42     0.00225
1970     43     0.00121
1970     44     0.00072
1970     45     0.00044
1970     46     0.00018
1970     47     0.00009
1970     48     0.00005
1970     49     0.00003
1970     50     0.00001
1970     51     0.00003
1970     52     0.00001
1970     53     0.00000
1970     54     0.00000
1970     55+    0.00000
1971     12-    0.00000
1971     13     0.00000
1971     14     0.00001
1971     15     0.00003
1971     16     0.00031
1971     17     0.00171
1971     18     0.00545
1971     19     0.01390
1971     20     0.02926
1971     21     0.05650
1971     22     0.09859
1971     23     0.15419
1971     24     0.20625
1971     25     0.20513
1971     26     0.22904
1971     27     0.23286
1971     28     0.19842
1971     29     0.17319
1971     30     0.13939
1971     31     0.10614
1971     32     0.07960
1971     33     0.06435
1971     34     0.04628
1971     35     0.03466
1971     36     0.02485
1971     37     0.01720
1971     38     0.01282
1971     39     0.00858
1971     40     0.00568
1971     41     0.00349
1971     42     0.00226
1971     43     0.00122
1971     44     0.00061
1971     45     0.00036
1971     46     0.00019
1971     47     0.00009
1971     48     0.00005
1971     49     0.00003
1971     50     0.00001
1971     51     0.00001
1971     52     0.00000
1971     53     0.00000
1971     54     0.00000
1971     55+    0.00001
1972     12-    0.00000
1972     13     0.00000
1972     14     0.00001
1972     15     0.00003
1972     16     0.00034
1972     17     0.00182
1972     18     0.00604
1972     19     0.01479
1972     20     0.03164
1972     21     0.05832
1972     22     0.10010
1972     23     0.15564
1972     24     0.20382
1972     25     0.23379
1972     26     0.20972
1972     27     0.21503
1972     28     0.20422
1972     29     0.16622
1972     30     0.13797
1972     31     0.10522
1972     32     0.08055
1972     33     0.05924
1972     34     0.04578
1972     35     0.03240
1972     36     0.02471
1972     37     0.01667
1972     38     0.01202
1972     39     0.00852
1972     40     0.00548
1972     41     0.00346
1972     42     0.00214
1972     43     0.00126
1972     44     0.00066
1972     45     0.00029
1972     46     0.00015
1972     47     0.00011
1972     48     0.00003
1972     49     0.00002
1972     50     0.00000
1972     51     0.00000
1972     52     0.00000
1972     53     0.00000
1972     54     0.00000
1972     55+    0.00000
1973     12-    0.00000
1973     13     0.00000
1973     14     0.00001
1973     15     0.00004
1973     16     0.00036
1973     17     0.00201
1973     18     0.00590
1973     19     0.01539
1973     20     0.03221
1973     21     0.06039
1973     22     0.10059
1973     23     0.15342
1973     24     0.20442
1973     25     0.22853
1973     26     0.23831
1973     27     0.19744
1973     28     0.18983
1973     29     0.17394
1973     30     0.13321
1973     31     0.10553
1973     32     0.08053
1973     33     0.06241
1973     34     0.04340
1973     35     0.03295
1973     36     0.02359
1973     37     0.01693
1973     38     0.01197
1973     39     0.00811
1973     40     0.00543
1973     41     0.00339
1973     42     0.00212
1973     43     0.00115
1973     44     0.00067
1973     45     0.00033
1973     46     0.00013
1973     47     0.00008
1973     48     0.00006
1973     49     0.00003
1973     50     0.00000
1973     51     0.00000
1973     52     0.00000
1973     53     0.00000
1973     54     0.00000
1973     55+    0.00000
1974     12-    0.00000
1974     13     0.00000
1974     14     0.00001
1974     15     0.00005
1974     16     0.00041
1974     17     0.00191
1974     18     0.00597
1974     19     0.01452
1974     20     0.03147
1974     21     0.06008
1974     22     0.10063
1974     23     0.14747
1974     24     0.19820
1974     25     0.22381
1974     26     0.22562
1974     27     0.21666
1974     28     0.16638
1974     29     0.15147
1974     30     0.13108
1974     31     0.09507
1974     32     0.07441
1974     33     0.05653
1974     34     0.04167
1974     35     0.02917
1974     36     0.02191
1974     37     0.01502
1974     38     0.01111
1974     39     0.00740
1974     40     0.00482
1974     41     0.00319
1974     42     0.00201
1974     43     0.00112
1974     44     0.00065
1974     45     0.00029
1974     46     0.00013
1974     47     0.00006
1974     48     0.00004
1974     49     0.00001
1974     50     0.00000
1974     51     0.00000
1974     52     0.00000
1974     53     0.00000
1974     54     0.00000
1974     55+    0.00000
1975     12-    0.00000
1975     13     0.00000
1975     14     0.00001
1975     15     0.00004
1975     16     0.00039
1975     17     0.00184
1975     18     0.00527
1975     19     0.01280
1975     20     0.02811
1975     21     0.05503
1975     22     0.09408
1975     23     0.14117
1975     24     0.18392
1975     25     0.21204
1975     26     0.21654
1975     27     0.20009
1975     28     0.18018
1975     29     0.13036
1975     30     0.11090
1975     31     0.08940
1975     32     0.06523
1975     33     0.05006
1975     34     0.03659
1975     35     0.02649
1975     36     0.01845
1975     37     0.01372
1975     38     0.00974
1975     39     0.00675
1975     40     0.00449
1975     41     0.00274
1975     42     0.00188
1975     43     0.00101
1975     44     0.00049
1975     45     0.00024
1975     46     0.00010
1975     47     0.00005
1975     48     0.00002
1975     49     0.00001
1975     50     0.00000
1975     51     0.00000
1975     52     0.00000
1975     53     0.00000
1975     54     0.00000
1975     55+    0.00000
1976     12-    0.00000
1976     13     0.00000
1976     14     0.00001
1976     15     0.00004
1976     16     0.00042
1976     17     0.00184
1976     18     0.00477
1976     19     0.01134
1976     20     0.02514
1976     21     0.04983
1976     22     0.08758
1976     23     0.13591
1976     24     0.17778
1976     25     0.20194
1976     26     0.21173
1976     27     0.19961
1976     28     0.17463
1976     29     0.14768
1976     30     0.10115
1976     31     0.08117
1976     32     0.06543
1976     33     0.04675
1976     34     0.03486
1976     35     0.02477
1976     36     0.01808
1976     37     0.01219
1976     38     0.00898
1976     39     0.00611
1976     40     0.00409
1976     41     0.00265
1976     42     0.00165
1976     43     0.00091
1976     44     0.00047
1976     45     0.00026
1976     46     0.00010
1976     47     0.00004
1976     48     0.00003
1976     49     0.00001
1976     50     0.00000
1976     51     0.00000
1976     52     0.00000
1976     53     0.00000
1976     54     0.00000
1976     55+    0.00000
1977     12-    0.00000
1977     13     0.00000
1977     14     0.00002
1977     15     0.00005
1977     16     0.00044
1977     17     0.00165
1977     18     0.00452
1977     19     0.01043
1977     20     0.02186
1977     21     0.04429
1977     22     0.07847
1977     23     0.12564
1977     24     0.17186
1977     25     0.19569
1977     26     0.20279
1977     27     0.19649
1977     28     0.17433
1977     29     0.14430
1977     30     0.11648
1977     31     0.07592
1977     32     0.06050
1977     33     0.04863
1977     34     0.03329
1977     35     0.02447
1977     36     0.01768
1977     37     0.01187
1977     38     0.00830
1977     39     0.00585
1977     40     0.00380
1977     41     0.00258
1977     42     0.00158
1977     43     0.00091
1977     44     0.00047
1977     45     0.00023
1977     46     0.00012
1977     47     0.00004
1977     48     0.00002
1977     49     0.00001
1977     50     0.00000
1977     51     0.00000
1977     52     0.00000
1977     53     0.00000
1977     54     0.00000
1977     55+    0.00000
1978     12-    0.00000
1978     13     0.00000
1978     14     0.00002
1978     15     0.00007
1978     16     0.00044
1978     17     0.00178
1978     18     0.00445
1978     19     0.01064
1978     20     0.02099
1978     21     0.04052
1978     22     0.07316
1978     23     0.11835
1978     24     0.16600
1978     25     0.19514
1978     26     0.20487
1978     27     0.19414
1978     28     0.17652
1978     29     0.14855
1978     30     0.11561
1978     31     0.08938
1978     32     0.05781
1978     33     0.04499
1978     34     0.03486
1978     35     0.02374
1978     36     0.01722
1978     37     0.01177
1978     38     0.00836
1978     39     0.00549
1978     40     0.00378
1978     41     0.00231
1978     42     0.00148
1978     43     0.00087
1978     44     0.00041
1978     45     0.00019
1978     46     0.00009
1978     47     0.00004
1978     48     0.00003
1978     49     0.00001
1978     50     0.00000
1978     51     0.00000
1978     52     0.00000
1978     53     0.00000
1978     54     0.00000
1978     55+    0.00000
1979     12-    0.00000
1979     13     0.00000
1979     14     0.00001
1979     15     0.00005
1979     16     0.00047
1979     17     0.00183
1979     18     0.00472
1979     19     0.01066
1979     20     0.02124
1979     21     0.03909
1979     22     0.06769
1979     23     0.11199
1979     24     0.15873
1979     25     0.19082
1979     26     0.20248
1979     27     0.19583
1979     28     0.17267
1979     29     0.14859
1979     30     0.11802
1979     31     0.08821
1979     32     0.06710
1979     33     0.04356
1979     34     0.03216
1979     35     0.02454
1979     36     0.01654
1979     37     0.01160
1979     38     0.00804
1979     39     0.00555
1979     40     0.00349
1979     41     0.00223
1979     42     0.00133
1979     43     0.00083
1979     44     0.00040
1979     45     0.00019
1979     46     0.00007
1979     47     0.00004
1979     48     0.00002
1979     49     0.00000
1979     50     0.00000
1979     51     0.00000
1979     52     0.00000
1979     53     0.00000
1979     54     0.00000
1979     55+    0.00000
1980     12-    0.00000
1980     13     0.00000
1980     14     0.00002
1980     15     0.00005
1980     16     0.00052
1980     17     0.00205
1980     18     0.00503
1980     19     0.01125
1980     20     0.02174
1980     21     0.03885
1980     22     0.06480
1980     23     0.10447
1980     24     0.15288
1980     25     0.18595
1980     26     0.20136
1980     27     0.19443
1980     28     0.17410
1980     29     0.14477
1980     30     0.11804
1980     31     0.08924
1980     32     0.06624
1980     33     0.04999
1980     34     0.03081
1980     35     0.02279
1980     36     0.01753
1980     37     0.01143
1980     38     0.00808
1980     39     0.00564
1980     40     0.00359
1980     41     0.00216
1980     42     0.00145
1980     43     0.00076
1980     44     0.00039
1980     45     0.00020
1980     46     0.00007
1980     47     0.00004
1980     48     0.00001
1980     49     0.00001
1980     50     0.00000
1980     51     0.00000
1980     52     0.00000
1980     53     0.00000
1980     54     0.00000
1980     55+    0.00000
1981     12-    0.00000
1981     13     0.00000
1981     14     0.00002
1981     15     0.00007
1981     16     0.00058
1981     17     0.00215
1981     18     0.00531
1981     19     0.01160
1981     20     0.02212
1981     21     0.03863
1981     22     0.06379
1981     23     0.09969
1981     24     0.14307
1981     25     0.18157
1981     26     0.19888
1981     27     0.19345
1981     28     0.17595
1981     29     0.14858
1981     30     0.11855
1981     31     0.09134
1981     32     0.06896
1981     33     0.05052
1981     34     0.03694
1981     35     0.02295
1981     36     0.01695
1981     37     0.01217
1981     38     0.00815
1981     39     0.00568
1981     40     0.00354
1981     41     0.00228
1981     42     0.00135
1981     43     0.00077
1981     44     0.00037
1981     45     0.00016
1981     46     0.00007
1981     47     0.00002
1981     48     0.00002
1981     49     0.00001
1981     50     0.00000
1981     51     0.00000
1981     52     0.00000
1981     53     0.00000
1981     54     0.00000
1981     55+    0.00000
1982     12-    0.00000
1982     13     0.00000
1982     14     0.00002
1982     15     0.00006
1982     16     0.00068
1982     17     0.00235
1982     18     0.00555
1982     19     0.01228
1982     20     0.02174
1982     21     0.03832
1982     22     0.06221
1982     23     0.09837
1982     24     0.13961
1982     25     0.17565
1982     26     0.20060
1982     27     0.19835
1982     28     0.18137
1982     29     0.15501
1982     30     0.12455
1982     31     0.09391
1982     32     0.07239
1982     33     0.05360
1982     34     0.03835
1982     35     0.02764
1982     36     0.01731
1982     37     0.01197
1982     38     0.00885
1982     39     0.00566
1982     40     0.00378
1982     41     0.00230
1982     42     0.00143
1982     43     0.00074
1982     44     0.00036
1982     45     0.00018
1982     46     0.00009
1982     47     0.00004
1982     48     0.00001
1982     49     0.00000
1982     50     0.00000
1982     51     0.00000
1982     52     0.00000
1982     53     0.00000
1982     54     0.00000
1982     55+    0.00000
1983     12-    0.00000
1983     13     0.00000
1983     14     0.00002
1983     15     0.00010
1983     16     0.00069
1983     17     0.00264
1983     18     0.00624
1983     19     0.01284
1983     20     0.02328
1983     21     0.03837
1983     22     0.06113
1983     23     0.09433
1983     24     0.13831
1983     25     0.17380
1983     26     0.19538
1983     27     0.20081
1983     28     0.18615
1983     29     0.16228
1983     30     0.13135
1983     31     0.10065
1983     32     0.07533
1983     33     0.05699
1983     34     0.04124
1983     35     0.02866
1983     36     0.02070
1983     37     0.01213
1983     38     0.00891
1983     39     0.00625
1983     40     0.00379
1983     41     0.00239
1983     42     0.00142
1983     43     0.00078
1983     44     0.00038
1983     45     0.00018
1983     46     0.00007
1983     47     0.00002
1983     48     0.00001
1983     49     0.00001
1983     50     0.00000
1983     51     0.00000
1983     52     0.00000
1983     53     0.00000
1983     54     0.00000
1983     55+    0.00000
1984     12-    0.00000
1984     13     0.00000
1984     14     0.00002
1984     15     0.00010
1984     16     0.00084
1984     17     0.00261
1984     18     0.00616
1984     19     0.01365
1984     20     0.02328
1984     21     0.03807
1984     22     0.05896
1984     23     0.09110
1984     24     0.13181
1984     25     0.16959
1984     26     0.19438
1984     27     0.19798
1984     28     0.18910
1984     29     0.16666
1984     30     0.13581
1984     31     0.10511
1984     32     0.08046
1984     33     0.05898
1984     34     0.04345
1984     35     0.03089
1984     36     0.02141
1984     37     0.01479
1984     38     0.00873
1984     39     0.00615
1984     40     0.00413
1984     41     0.00240
1984     42     0.00147
1984     43     0.00085
1984     44     0.00042
1984     45     0.00017
1984     46     0.00008
1984     47     0.00003
1984     48     0.00002
1984     49     0.00000
1984     50     0.00000
1984     51     0.00000
1984     52     0.00000
1984     53     0.00000
1984     54     0.00000
1984     55+    0.00000
1985     12-    0.00000
1985     13     0.00000
1985     14     0.00002
1985     15     0.00011
1985     16     0.00075
1985     17     0.00253
1985     18     0.00567
1985     19     0.01278
1985     20     0.02273
1985     21     0.03582
1985     22     0.05552
1985     23     0.08427
1985     24     0.12066
1985     25     0.15829
1985     26     0.18522
1985     27     0.19452
1985     28     0.18306
1985     29     0.16577
1985     30     0.13861
1985     31     0.10764
1985     32     0.08244
1985     33     0.06166
1985     34     0.04430
1985     35     0.03134
1985     36     0.02220
1985     37     0.01495
1985     38     0.01029
1985     39     0.00608
1985     40     0.00395
1985     41     0.00255
1985     42     0.00155
1985     43     0.00077
1985     44     0.00041
1985     45     0.00017
1985     46     0.00007
1985     47     0.00004
1985     48     0.00001
1985     49     0.00000
1985     50     0.00000
1985     51     0.00000
1985     52     0.00000
1985     53     0.00000
1985     54     0.00000
1985     55+    0.00000
1986     12-    0.00000
1986     13     0.00000
1986     14     0.00002
1986     15     0.00009
1986     16     0.00070
1986     17     0.00234
1986     18     0.00564
1986     19     0.01156
1986     20     0.02130
1986     21     0.03496
1986     22     0.05153
1986     23     0.07951
1986     24     0.11505
1986     25     0.14818
1986     26     0.17497
1986     27     0.18610
1986     28     0.18177
1986     29     0.16326
1986     30     0.14001
1986     31     0.11008
1986     32     0.08490
1986     33     0.06304
1986     34     0.04575
1986     35     0.03241
1986     36     0.02315
1986     37     0.01552
1986     38     0.01049
1986     39     0.00704
1986     40     0.00372
1986     41     0.00248
1986     42     0.00148
1986     43     0.00081
1986     44     0.00041
1986     45     0.00019
1986     46     0.00007
1986     47     0.00003
1986     48     0.00001
1986     49     0.00000
1986     50     0.00000
1986     51     0.00000
1986     52     0.00000
1986     53     0.00000
1986     54     0.00000
1986     55+    0.00000
1987     12-    0.00000
1987     13     0.00000
1987     14     0.00002
1987     15     0.00008
1987     16     0.00064
1987     17     0.00214
1987     18     0.00515
1987     19     0.01157
1987     20     0.01907
1987     21     0.03183
1987     22     0.04972
1987     23     0.07368
1987     24     0.10808
1987     25     0.14018
1987     26     0.16803
1987     27     0.17966
1987     28     0.17983
1987     29     0.16411
1987     30     0.13917
1987     31     0.11345
1987     32     0.08756
1987     33     0.06588
1987     34     0.04776
1987     35     0.03389
1987     36     0.02382
1987     37     0.01608
1987     38     0.01095
1987     39     0.00716
1987     40     0.00446
1987     41     0.00238
1987     42     0.00140
1987     43     0.00084
1987     44     0.00041
1987     45     0.00015
1987     46     0.00007
1987     47     0.00003
1987     48     0.00001
1987     49     0.00000
1987     50     0.00000
1987     51     0.00000
1987     52     0.00000
1987     53     0.00000
1987     54     0.00000
1987     55+    0.00000
1988     12-    0.00000
1988     13     0.00000
1988     14     0.00002
1988     15     0.00010
1988     16     0.00063
1988     17     0.00218
1988     18     0.00503
1988     19     0.01086
1988     20     0.01966
1988     21     0.02942
1988     22     0.04544
1988     23     0.07073
1988     24     0.09965
1988     25     0.13172
1988     26     0.15807
1988     27     0.17260
1988     28     0.17321
1988     29     0.16318
1988     30     0.14149
1988     31     0.11393
1988     32     0.09125
1988     33     0.06918
1988     34     0.05099
1988     35     0.03595
1988     36     0.02539
1988     37     0.01670
1988     38     0.01148
1988     39     0.00764
1988     40     0.00477
1988     41     0.00293
1988     42     0.00146
1988     43     0.00085
1988     44     0.00042
1988     45     0.00021
1988     46     0.00006
1988     47     0.00002
1988     48     0.00001
1988     49     0.00001
1988     50     0.00000
1988     51     0.00000
1988     52     0.00000
1988     53     0.00000
1988     54     0.00000
1988     55+    0.00000
1989     12-    0.00000
1989     13     0.00000
1989     14     0.00003
1989     15     0.00010
1989     16     0.00057
1989     17     0.00209
1989     18     0.00480
1989     19     0.01081
1989     20     0.01851
1989     21     0.02987
1989     22     0.04129
1989     23     0.06257
1989     24     0.09399
1989     25     0.11871
1989     26     0.14401
1989     27     0.15970
1989     28     0.16238
1989     29     0.15305
1989     30     0.13669
1989     31     0.11335
1989     32     0.08945
1989     33     0.07002
1989     34     0.05176
1989     35     0.03743
1989     36     0.02611
1989     37     0.01767
1989     38     0.01192
1989     39     0.00786
1989     40     0.00497
1989     41     0.00286
1989     42     0.00171
1989     43     0.00085
1989     44     0.00038
1989     45     0.00017
1989     46     0.00007
1989     47     0.00002
1989     48     0.00001
1989     49     0.00001
1989     50     0.00000
1989     51     0.00000
1989     52     0.00000
1989     53     0.00000
1989     54     0.00000
1989     55+    0.00000
1990     12-    0.00000
1990     13     0.00000
1990     14     0.00002
1990     15     0.00010
1990     16     0.00060
1990     17     0.00196
1990     18     0.00471
1990     19     0.01087
1990     20     0.01887
1990     21     0.02882
1990     22     0.04290
1990     23     0.05760
1990     24     0.08211
1990     25     0.11415
1990     26     0.13586
1990     27     0.15213
1990     28     0.15684
1990     29     0.15148
1990     30     0.13547
1990     31     0.11296
1990     32     0.09276
1990     33     0.07070
1990     34     0.05346
1990     35     0.03929
1990     36     0.02782
1990     37     0.01888
1990     38     0.01257
1990     39     0.00817
1990     40     0.00517
1990     41     0.00308
1990     42     0.00174
1990     43     0.00097
1990     44     0.00036
1990     45     0.00015
1990     46     0.00007
1990     47     0.00002
1990     48     0.00001
1990     49     0.00001
1990     50     0.00000
1990     51     0.00000
1990     52     0.00000
1990     53     0.00000
1990     54     0.00000
1990     55+    0.00000
1991     12-    0.00000
1991     13     0.00000
1991     14     0.00002
1991     15     0.00012
1991     16     0.00065
1991     17     0.00202
1991     18     0.00489
1991     19     0.01117
1991     20     0.01912
1991     21     0.02970
1991     22     0.04158
1991     23     0.06068
1991     24     0.07935
1991     25     0.10472
1991     26     0.13540
1991     27     0.14836
1991     28     0.15464
1991     29     0.15042
1991     30     0.13545
1991     31     0.11399
1991     32     0.09267
1991     33     0.07418
1991     34     0.05517
1991     35     0.04043
1991     36     0.02910
1991     37     0.01945
1991     38     0.01323
1991     39     0.00853
1991     40     0.00526
1991     41     0.00316
1991     42     0.00182
1991     43     0.00094
1991     44     0.00050
1991     45     0.00020
1991     46     0.00007
1991     47     0.00003
1991     48     0.00001
1991     49     0.00000
1991     50     0.00000
1991     51     0.00000
1991     52     0.00000
1991     53     0.00000
1991     54     0.00000
1991     55+    0.00000
1992     12-    0.00000
1992     13     0.00000
1992     14     0.00002
1992     15     0.00012
1992     16     0.00071
1992     17     0.00205
1992     18     0.00494
1992     19     0.01097
1992     20     0.01898
1992     21     0.02914
1992     22     0.04059
1992     23     0.05724
1992     24     0.08056
1992     25     0.09757
1992     26     0.12173
1992     27     0.14645
1992     28     0.14919
1992     29     0.14626
1992     30     0.13247
1992     31     0.11414
1992     32     0.09339
1992     33     0.07434
1992     34     0.05669
1992     35     0.04202
1992     36     0.03007
1992     37     0.02096
1992     38     0.01371
1992     39     0.00907
1992     40     0.00571
1992     41     0.00329
1992     42     0.00184
1992     43     0.00098
1992     44     0.00046
1992     45     0.00022
1992     46     0.00006
1992     47     0.00003
1992     48     0.00000
1992     49     0.00000
1992     50     0.00000
1992     51     0.00000
1992     52     0.00000
1992     53     0.00000
1992     54     0.00000
1992     55+    0.00000
1993     12-    0.00000
1993     13     0.00000
1993     14     0.00002
1993     15     0.00013
1993     16     0.00066
1993     17     0.00198
1993     18     0.00466
1993     19     0.01082
1993     20     0.01852
1993     21     0.02824
1993     22     0.03962
1993     23     0.05414
1993     24     0.07349
1993     25     0.09814
1993     26     0.11446
1993     27     0.13108
1993     28     0.14697
1993     29     0.14134
1993     30     0.12996
1993     31     0.11230
1993     32     0.09307
1993     33     0.07464
1993     34     0.05767
1993     35     0.04384
1993     36     0.03052
1993     37     0.02121
1993     38     0.01433
1993     39     0.00940
1993     40     0.00585
1993     41     0.00356
1993     42     0.00188
1993     43     0.00101
1993     44     0.00048
1993     45     0.00019
1993     46     0.00008
1993     47     0.00004
1993     48     0.00001
1993     49     0.00000
1993     50     0.00000
1993     51     0.00000
1993     52     0.00000
1993     53     0.00000
1993     54     0.00000
1993     55+    0.00000
1994     12-    0.00000
1994     13     0.00000
1994     14     0.00003
1994     15     0.00013
1994     16     0.00073
1994     17     0.00209
1994     18     0.00471
1994     19     0.01092
1994     20     0.01901
1994     21     0.02895
1994     22     0.03989
1994     23     0.05519
1994     24     0.07465
1994     25     0.09535
1994     26     0.12068
1994     27     0.13016
1994     28     0.14004
1994     29     0.14921
1994     30     0.13369
1994     31     0.11734
1994     32     0.09831
1994     33     0.07954
1994     34     0.06158
1994     35     0.04658
1994     36     0.03389
1994     37     0.02324
1994     38     0.01610
1994     39     0.01069
1994     40     0.00635
1994     41     0.00387
1994     42     0.00216
1994     43     0.00106
1994     44     0.00056
1994     45     0.00023
1994     46     0.00008
1994     47     0.00004
1994     48     0.00002
1994     49     0.00001
1994     50     0.00000
1994     51     0.00000
1994     52     0.00000
1994     53     0.00000
1994     54     0.00000
1994     55+    0.00000
1995     12-    0.00000
1995     13     0.00000
1995     14     0.00004
1995     15     0.00014
1995     16     0.00082
1995     17     0.00221
1995     18     0.00476
1995     19     0.01042
1995     20     0.01805
1995     21     0.02788
1995     22     0.03755
1995     23     0.05123
1995     24     0.06850
1995     25     0.08788
1995     26     0.10762
1995     27     0.12724
1995     28     0.12885
1995     29     0.13091
1995     30     0.13052
1995     31     0.11198
1995     32     0.09443
1995     33     0.07787
1995     34     0.06085
1995     35     0.04600
1995     36     0.03427
1995     37     0.02400
1995     38     0.01598
1995     39     0.01067
1995     40     0.00669
1995     41     0.00398
1995     42     0.00225
1995     43     0.00123
1995     44     0.00054
1995     45     0.00022
1995     46     0.00009
1995     47     0.00003
1995     48     0.00001
1995     49     0.00001
1995     50     0.00000
1995     51     0.00000
1995     52     0.00000
1995     53     0.00000
1995     54     0.00000
1995     55+    0.00000
1996     12-    0.00000
1996     13     0.00000
1996     14     0.00002
1996     15     0.00014
1996     16     0.00077
1996     17     0.00249
1996     18     0.00481
1996     19     0.01036
1996     20     0.01750
1996     21     0.02674
1996     22     0.03735
1996     23     0.05025
1996     24     0.06729
1996     25     0.08523
1996     26     0.10448
1996     27     0.11949
1996     28     0.13472
1996     29     0.12987
1996     30     0.12294
1996     31     0.11839
1996     32     0.09822
1996     33     0.07991
1996     34     0.06387
1996     35     0.04894
1996     36     0.03637
1996     37     0.02525
1996     38     0.01735
1996     39     0.01139
1996     40     0.00715
1996     41     0.00420
1996     42     0.00230
1996     43     0.00116
1996     44     0.00057
1996     45     0.00022
1996     46     0.00009
1996     47     0.00004
1996     48     0.00002
1996     49     0.00001
1996     50     0.00000
1996     51     0.00000
1996     52     0.00000
1996     53     0.00000
1996     54     0.00000
1996     55+    0.00000
1997     12-    0.00000
1997     13     0.00000
1997     14     0.00004
1997     15     0.00018
1997     16     0.00100
1997     17     0.00272
1997     18     0.00541
1997     19     0.01114
1997     20     0.01760
1997     21     0.02616
1997     22     0.03610
1997     23     0.04896
1997     24     0.06394
1997     25     0.08080
1997     26     0.09908
1997     27     0.11410
1997     28     0.12390
1997     29     0.13137
1997     30     0.11870
1997     31     0.10655
1997     32     0.09994
1997     33     0.08110
1997     34     0.06453
1997     35     0.04924
1997     36     0.03726
1997     37     0.02584
1997     38     0.01788
1997     39     0.01223
1997     40     0.00744
1997     41     0.00447
1997     42     0.00240
1997     43     0.00137
1997     44     0.00063
1997     45     0.00026
1997     46     0.00009
1997     47     0.00004
1997     48     0.00001
1997     49     0.00001
1997     50     0.00000
1997     51     0.00000
1997     52     0.00000
1997     53     0.00000
1997     54     0.00000
1997     55+    0.00000
1998     12-    0.00000
1998     13     0.00000
1998     14     0.00004
1998     15     0.00022
1998     16     0.00105
1998     17     0.00290
1998     18     0.00586
1998     19     0.01223
1998     20     0.01895
1998     21     0.02710
1998     22     0.03533
1998     23     0.04783
1998     24     0.06360
1998     25     0.07862
1998     26     0.09626
1998     27     0.11042
1998     28     0.12088
1998     29     0.12506
1998     30     0.12322
1998     31     0.10756
1998     32     0.09404
1998     33     0.08434
1998     34     0.06637
1998     35     0.05128
1998     36     0.03889
1998     37     0.02712
1998     38     0.01878
1998     39     0.01270
1998     40     0.00785
1998     41     0.00479
1998     42     0.00260
1998     43     0.00135
1998     44     0.00069
1998     45     0.00031
1998     46     0.00011
1998     47     0.00004
1998     48     0.00002
1998     49     0.00001
1998     50     0.00000
1998     51     0.00000
1998     52     0.00000
1998     53     0.00000
1998     54     0.00000
1998     55+    0.00000
1999     12-    0.00000
1999     13     0.00001
1999     14     0.00006
1999     15     0.00024
1999     16     0.00125
1999     17     0.00332
1999     18     0.00632
1999     19     0.01277
1999     20     0.02009
1999     21     0.02768
1999     22     0.03468
1999     23     0.04629
1999     24     0.06004
1999     25     0.07587
1999     26     0.09129
1999     27     0.10526
1999     28     0.11414
1999     29     0.11889
1999     30     0.11536
1999     31     0.10907
1999     32     0.09134
1999     33     0.07663
1999     34     0.06718
1999     35     0.05150
1999     36     0.03936
1999     37     0.02776
1999     38     0.01924
1999     39     0.01284
1999     40     0.00815
1999     41     0.00475
1999     42     0.00264
1999     43     0.00148
1999     44     0.00069
1999     45     0.00030
1999     46     0.00012
1999     47     0.00005
1999     48     0.00002
1999     49     0.00001
1999     50     0.00000
1999     51     0.00000
1999     52     0.00000
1999     53     0.00000
1999     54     0.00000
1999     55+    0.00000
2000     12-    0.00000
2000     13     0.00001
2000     14     0.00006
2000     15     0.00027
2000     16     0.00132
2000     17     0.00383
2000     18     0.00731
2000     19     0.01395
2000     20     0.02138
2000     21     0.02977
2000     22     0.03683
2000     23     0.04596
2000     24     0.05931
2000     25     0.07412
2000     26     0.09005
2000     27     0.10312
2000     28     0.11227
2000     29     0.11731
2000     30     0.11382
2000     31     0.10631
2000     32     0.09741
2000     33     0.07877
2000     34     0.06450
2000     35     0.05544
2000     36     0.04144
2000     37     0.02934
2000     38     0.02045
2000     39     0.01392
2000     40     0.00891
2000     41     0.00529
2000     42     0.00297
2000     43     0.00149
2000     44     0.00076
2000     45     0.00031
2000     46     0.00010
2000     47     0.00004
2000     48     0.00001
2000     49     0.00001
2000     50     0.00000
2000     51     0.00000
2000     52     0.00000
2000     53     0.00000
2000     54     0.00000
2000     55+    0.00000
2001     12-    0.00000
2001     13     0.00001
2001     14     0.00006
2001     15     0.00031
2001     16     0.00153
2001     17     0.00418
2001     18     0.00754
2001     19     0.01519
2001     20     0.02226
2001     21     0.02982
2001     22     0.03819
2001     23     0.04772
2001     24     0.05853
2001     25     0.07219
2001     26     0.08623
2001     27     0.09964
2001     28     0.10766
2001     29     0.11244
2001     30     0.10976
2001     31     0.10218
2001     32     0.09116
2001     33     0.08101
2001     34     0.06511
2001     35     0.05275
2001     36     0.04361
2001     37     0.03023
2001     38     0.02137
2001     39     0.01467
2001     40     0.00913
2001     41     0.00544
2001     42     0.00309
2001     43     0.00150
2001     44     0.00068
2001     45     0.00030
2001     46     0.00013
2001     47     0.00004
2001     48     0.00002
2001     49     0.00001
2001     50     0.00000
2001     51     0.00000
2001     52     0.00000
2001     53     0.00000
2001     54     0.00000
2001     55+    0.00000
2002     12-    0.00000
2002     13     0.00001
2002     14     0.00008
2002     15     0.00038
2002     16     0.00166
2002     17     0.00432
2002     18     0.00781
2002     19     0.01547
2002     20     0.02276
2002     21     0.03045
2002     22     0.03791
2002     23     0.04716
2002     24     0.05823
2002     25     0.06960
2002     26     0.08326
2002     27     0.09470
2002     28     0.10451
2002     29     0.10991
2002     30     0.10736
2002     31     0.10049
2002     32     0.09002
2002     33     0.07867
2002     34     0.06816
2002     35     0.05258
2002     36     0.04121
2002     37     0.03197
2002     38     0.02255
2002     39     0.01525
2002     40     0.00996
2002     41     0.00572
2002     42     0.00328
2002     43     0.00161
2002     44     0.00076
2002     45     0.00030
2002     46     0.00012
2002     47     0.00005
2002     48     0.00002
2002     49     0.00002
2002     50     0.00000
2002     51     0.00000
2002     52     0.00000
2002     53     0.00000
2002     54     0.00000
2002     55+    0.00000
2003     12-    0.00000
2003     13     0.00001
2003     14     0.00007
2003     15     0.00038
2003     16     0.00159
2003     17     0.00390
2003     18     0.00734
2003     19     0.01454
2003     20     0.02189
2003     21     0.02942
2003     22     0.03617
2003     23     0.04488
2003     24     0.05566
2003     25     0.06710
2003     26     0.07880
2003     27     0.09175
2003     28     0.10060
2003     29     0.10678
2003     30     0.10455
2003     31     0.09884
2003     32     0.08873
2003     33     0.07789
2003     34     0.06633
2003     35     0.05587
2003     36     0.04212
2003     37     0.03088
2003     38     0.02391
2003     39     0.01621
2003     40     0.01040
2003     41     0.00623
2003     42     0.00357
2003     43     0.00174
2003     44     0.00079
2003     45     0.00032
2003     46     0.00011
2003     47     0.00005
2003     48     0.00003
2003     49     0.00001
2003     50     0.00001
2003     51     0.00001
2003     52     0.00000
2003     53     0.00000
2003     54     0.00000
2003     55+    0.00000
2004     12-    0.00000
2004     13     0.00001
2004     14     0.00007
2004     15     0.00031
2004     16     0.00151
2004     17     0.00372
2004     18     0.00727
2004     19     0.01439
2004     20     0.02132
2004     21     0.02939
2004     22     0.03620
2004     23     0.04426
2004     24     0.05416
2004     25     0.06597
2004     26     0.07766
2004     27     0.08867
2004     28     0.09774
2004     29     0.10458
2004     30     0.10447
2004     31     0.09897
2004     32     0.08968
2004     33     0.07827
2004     34     0.06763
2004     35     0.05627
2004     36     0.04608
2004     37     0.03279
2004     38     0.02357
2004     39     0.01751
2004     40     0.01112
2004     41     0.00659
2004     42     0.00357
2004     43     0.00190
2004     44     0.00090
2004     45     0.00036
2004     46     0.00015
2004     47     0.00007
2004     48     0.00003
2004     49     0.00002
2004     50     0.00001
2004     51     0.00001
2004     52     0.00000
2004     53     0.00000
2004     54     0.00000
2004     55+    0.00000
2005     12-    0.00000
2005     13     0.00001
2005     14     0.00007
2005     15     0.00028
2005     16     0.00131
2005     17     0.00344
2005     18     0.00665
2005     19     0.01342
2005     20     0.02049
2005     21     0.02826
2005     22     0.03540
2005     23     0.04265
2005     24     0.05162
2005     25     0.06244
2005     26     0.07426
2005     27     0.08496
2005     28     0.09371
2005     29     0.10003
2005     30     0.09965
2005     31     0.09548
2005     32     0.08746
2005     33     0.07774
2005     34     0.06676
2005     35     0.05573
2005     36     0.04484
2005     37     0.03425
2005     38     0.02396
2005     39     0.01693
2005     40     0.01133
2005     41     0.00685
2005     42     0.00374
2005     43     0.00192
2005     44     0.00096
2005     45     0.00043
2005     46     0.00016
2005     47     0.00007
2005     48     0.00004
2005     49     0.00003
2005     50     0.00001
2005     51     0.00001
2005     52     0.00001
2005     53     0.00000
2005     54     0.00000
2005     55+    0.00001
2006     12-    0.00000
2006     13     0.00001
2006     14     0.00006
2006     15     0.00031
2006     16     0.00130
2006     17     0.00370
2006     18     0.00667
2006     19     0.01300
2006     20     0.02072
2006     21     0.02875
2006     22     0.03658
2006     23     0.04400
2006     24     0.05457
2006     25     0.06378
2006     26     0.07539
2006     27     0.08712
2006     28     0.09635
2006     29     0.10340
2006     30     0.10345
2006     31     0.09892
2006     32     0.09209
2006     33     0.08158
2006     34     0.07108
2006     35     0.05960
2006     36     0.04828
2006     37     0.03626
2006     38     0.02740
2006     39     0.01845
2006     40     0.01233
2006     41     0.00768
2006     42     0.00424
2006     43     0.00231
2006     44     0.00099
2006     45     0.00043
2006     46     0.00015
2006     47     0.00005
2006     48     0.00004
2006     49     0.00001
2006     50     0.00000
2006     51     0.00000
2006     52     0.00000
2006     53     0.00000
2006     54     0.00000
2006     55+    0.00000
2007     12-    0.00000
2007     13     0.00001
2007     14     0.00006
2007     15     0.00030
2007     16     0.00124
2007     17     0.00339
2007     18     0.00669
2007     19     0.01303
2007     20     0.02038
2007     21     0.02807
2007     22     0.03558
2007     23     0.04443
2007     24     0.05364
2007     25     0.06454
2007     26     0.07490
2007     27     0.08599
2007     28     0.09557
2007     29     0.10323
2007     30     0.10406
2007     31     0.09978
2007     32     0.09269
2007     33     0.08382
2007     34     0.07367
2007     35     0.06259
2007     36     0.05092
2007     37     0.03895
2007     38     0.02892
2007     39     0.02115
2007     40     0.01384
2007     41     0.00810
2007     42     0.00488
2007     43     0.00250
2007     44     0.00108
2007     45     0.00046
2007     46     0.00019
2007     47     0.00008
2007     48     0.00003
2007     49     0.00001
2007     50     0.00001
2007     51     0.00000
2007     52     0.00000
2007     53     0.00000
2007     54     0.00000
2007     55+    0.00000
2008     12-    0.00000
2008     13     0.00000
2008     14     0.00006
2008     15     0.00029
2008     16     0.00132
2008     17     0.00368
2008     18     0.00699
2008     19     0.01333
2008     20     0.02042
2008     21     0.02853
2008     22     0.03599
2008     23     0.04492
2008     24     0.05510
2008     25     0.06486
2008     26     0.07680
2008     27     0.08620
2008     28     0.09585
2008     29     0.10400
2008     30     0.10460
2008     31     0.10138
2008     32     0.09478
2008     33     0.08506
2008     34     0.07613
2008     35     0.06496
2008     36     0.05332
2008     37     0.04123
2008     38     0.03091
2008     39     0.02209
2008     40     0.01512
2008     41     0.00886
2008     42     0.00498
2008     43     0.00269
2008     44     0.00127
2008     45     0.00044
2008     46     0.00020
2008     47     0.00009
2008     48     0.00003
2008     49     0.00002
2008     50     0.00001
2008     51     0.00001
2008     52     0.00001
2008     53     0.00000
2008     54     0.00000
2008     55+    0.00000
2009     12-    0.00000
2009     13     0.00001
2009     14     0.00010
2009     15     0.00028
2009     16     0.00134
2009     17     0.00353
2009     18     0.00666
2009     19     0.01300
2009     20     0.01991
2009     21     0.02740
2009     22     0.03439
2009     23     0.04360
2009     24     0.05374
2009     25     0.06438
2009     26     0.07557
2009     27     0.08666
2009     28     0.09510
2009     29     0.10252
2009     30     0.10475
2009     31     0.10124
2009     32     0.09483
2009     33     0.08601
2009     34     0.07660
2009     35     0.06623
2009     36     0.05487
2009     37     0.04252
2009     38     0.03258
2009     39     0.02384
2009     40     0.01576
2009     41     0.00996
2009     42     0.00538
2009     43     0.00274
2009     44     0.00137
2009     45     0.00055
2009     46     0.00019
2009     47     0.00008
2009     48     0.00003
2009     49     0.00003
2009     50     0.00001
2009     51     0.00000
2009     52     0.00000
2009     53     0.00000
2009     54     0.00000
2009     55+    0.00001
2010     12-    0.00000
2010     13     0.00001
2010     14     0.00008
2010     15     0.00029
2010     16     0.00124
2010     17     0.00310
2010     18     0.00614
2010     19     0.01235
2010     20     0.01922
2010     21     0.02673
2010     22     0.03353
2010     23     0.04240
2010     24     0.05420
2010     25     0.06476
2010     26     0.07730
2010     27     0.08850
2010     28     0.09837
2010     29     0.10417
2010     30     0.10499
2010     31     0.10346
2010     32     0.09777
2010     33     0.08938
2010     34     0.07934
2010     35     0.06870
2010     36     0.05795
2010     37     0.04496
2010     38     0.03447
2010     39     0.02552
2010     40     0.01725
2010     41     0.01081
2010     42     0.00634
2010     43     0.00317
2010     44     0.00138
2010     45     0.00057
2010     46     0.00024
2010     47     0.00007
2010     48     0.00006
2010     49     0.00003
2010     50     0.00001
2010     51     0.00001
2010     52     0.00000
2010     53     0.00000
2010     54     0.00000
2010     55+    0.00000
2011     12-    0.00000
2011     13     0.00001
2011     14     0.00007
2011     15     0.00034
2011     16     0.00129
2011     17     0.00325
2011     18     0.00590
2011     19     0.01189
2011     20     0.01854
2011     21     0.02564
2011     22     0.03222
2011     23     0.04124
2011     24     0.05230
2011     25     0.06335
2011     26     0.07692
2011     27     0.08906
2011     28     0.09797
2011     29     0.10554
2011     30     0.10547
2011     31     0.10377
2011     32     0.09824
2011     33     0.08990
2011     34     0.08162
2011     35     0.07007
2011     36     0.05858
2011     37     0.04673
2011     38     0.03566
2011     39     0.02655
2011     40     0.01820
2011     41     0.01148
2011     42     0.00650
2011     43     0.00348
2011     44     0.00152
2011     45     0.00062
2011     46     0.00025
2011     47     0.00008
2011     48     0.00005
2011     49     0.00003
2011     50     0.00002
2011     51     0.00002
2011     52     0.00000
2011     53     0.00000
2011     54     0.00000
2011     55+    0.00001
2012     12-    0.00000
2012     13     0.00001
2012     14     0.00009
2012     15     0.00031
2012     16     0.00138
2012     17     0.00324
2012     18     0.00575
2012     19     0.01102
2012     20     0.01750
2012     21     0.02426
2012     22     0.03050
2012     23     0.03845
2012     24     0.04926
2012     25     0.06134
2012     26     0.07525
2012     27     0.08824
2012     28     0.09883
2012     29     0.10629
2012     30     0.10742
2012     31     0.10422
2012     32     0.10029
2012     33     0.09238
2012     34     0.08345
2012     35     0.07343
2012     36     0.06166
2012     37     0.04874
2012     38     0.03806
2012     39     0.02853
2012     40     0.01977
2012     41     0.01268
2012     42     0.00712
2012     43     0.00376
2012     44     0.00183
2012     45     0.00074
2012     46     0.00023
2012     47     0.00009
2012     48     0.00005
2012     49     0.00004
2012     50     0.00001
2012     51     0.00002
2012     52     0.00001
2012     53     0.00001
2012     54     0.00001
2012     55+    0.00000
2013     12-    0.00000
2013     13     0.00001
2013     14     0.00008
2013     15     0.00032
2013     16     0.00131
2013     17     0.00323
2013     18     0.00597
2013     19     0.01125
2013     20     0.01675
2013     21     0.02373
2013     22     0.02970
2013     23     0.03735
2013     24     0.04697
2013     25     0.05920
2013     26     0.07349
2013     27     0.08750
2013     28     0.09888
2013     29     0.10807
2013     30     0.10878
2013     31     0.10722
2013     32     0.10075
2013     33     0.09458
2013     34     0.08677
2013     35     0.07740
2013     36     0.06521
2013     37     0.05184
2013     38     0.04017
2013     39     0.03068
2013     40     0.02123
2013     41     0.01354
2013     42     0.00805
2013     43     0.00415
2013     44     0.00194
2013     45     0.00077
2013     46     0.00029
2013     47     0.00011
2013     48     0.00006
2013     49     0.00003
2013     50     0.00002
2013     51     0.00003
2013     52     0.00001
2013     53     0.00001
2013     54     0.00000
2013     55+    0.00000
2014     12-    0.00000
2014     13     0.00001
2014     14     0.00007
2014     15     0.00033
2014     16     0.00125
2014     17     0.00332
2014     18     0.00594
2014     19     0.01136
2014     20     0.01683
2014     21     0.02256
2014     22     0.02851
2014     23     0.03570
2014     24     0.04470
2014     25     0.05683
2014     26     0.07072
2014     27     0.08482
2014     28     0.09779
2014     29     0.10657
2014     30     0.10855
2014     31     0.10781
2014     32     0.10234
2014     33     0.09405
2014     34     0.08816
2014     35     0.07710
2014     36     0.06649
2014     37     0.05439
2014     38     0.04181
2014     39     0.03202
2014     40     0.02248
2014     41     0.01411
2014     42     0.00857
2014     43     0.00453
2014     44     0.00209
2014     45     0.00080
2014     46     0.00034
2014     47     0.00013
2014     48     0.00007
2014     49     0.00005
2014     50     0.00002
2014     51     0.00002
2014     52     0.00001
2014     53     0.00001
2014     54     0.00000
2014     55+    0.00001
